# Matrix elements of the unitary transform
#       from Cartesian to Radial circular harmonic oscillator states
#       up to ell = 23
#       Each matrix element is sign*sqrt(nominator^2/denominator^2)
# nx ny     emm nrn     sign*nominator^2 denominator^2

0 0   0 0   1 1

0 1  -1 0   1 1
1 0   1 0   1 1

0 2   0 1   -1 2
0 2   2 0   -1 2
1 1  -2 0   2 2
2 0   0 1   -1 2
2 0   2 0   1 2

0 3  -1 1   -3 4
0 3  -3 0   -1 4
1 2   1 1   -1 4
1 2   3 0   -3 4
2 1  -1 1   -1 4
2 1  -3 0   3 4
3 0   1 1   -3 4
3 0   3 0   1 4

0 4   0 2   3 8
0 4   2 1   4 8
0 4   4 0   1 8
1 3  -2 1   -4 8
1 3  -4 0   -4 8
2 2   0 2   2 8
2 2   4 0   -6 8
3 1  -2 1   -4 8
3 1  -4 0   4 8
4 0   0 2   3 8
4 0   2 1   -4 8
4 0   4 0   1 8

0 5  -1 2   10 16
0 5  -3 1   5 16
0 5  -5 0   1 16
1 4   1 2   2 16
1 4   3 1   9 16
1 4   5 0   5 16
2 3  -1 2   4 16
2 3  -3 1   -2 16
2 3  -5 0   -10 16
3 2   1 2   4 16
3 2   3 1   2 16
3 2   5 0   -10 16
4 1  -1 2   2 16
4 1  -3 1   -9 16
4 1  -5 0   5 16
5 0   1 2   10 16
5 0   3 1   -5 16
5 0   5 0   1 16

0 6   0 3   -10 32
0 6   2 2   -15 32
0 6   4 1   -6 32
0 6   6 0   -1 32
1 5  -2 2   10 32
1 5  -4 1   16 32
1 5  -6 0   6 32
2 4   0 3   -6 32
2 4   2 2   -1 32
2 4   4 1   10 32
2 4   6 0   15 32
3 3  -2 2   12 32
3 3  -6 0   -20 32
4 2   0 3   -6 32
4 2   2 2   1 32
4 2   4 1   10 32
4 2   6 0   -15 32
5 1  -2 2   10 32
5 1  -4 1   -16 32
5 1  -6 0   6 32
6 0   0 3   -10 32
6 0   2 2   15 32
6 0   4 1   -6 32
6 0   6 0   1 32

0 7  -1 3   -35 64
0 7  -3 2   -21 64
0 7  -5 1   -7 64
0 7  -7 0   -1 64
1 6   1 3   -5 64
1 6   3 2   -27 64
1 6   5 1   -25 64
1 6   7 0   -7 64
2 5  -1 3   -15 64
2 5  -3 2   1 64
2 5  -5 1   27 64
2 5  -7 0   21 64
3 4   1 3   -9 64
3 4   3 2   -15 64
3 4   5 1   5 64
3 4   7 0   35 64
4 3  -1 3   -9 64
4 3  -3 2   15 64
4 3  -5 1   5 64
4 3  -7 0   -35 64
5 2   1 3   -15 64
5 2   3 2   -1 64
5 2   5 1   27 64
5 2   7 0   -21 64
6 1  -1 3   -5 64
6 1  -3 2   27 64
6 1  -5 1   -25 64
6 1  -7 0   7 64
7 0   1 3   -35 64
7 0   3 2   21 64
7 0   5 1   -7 64
7 0   7 0   1 64

0 8   0 4   35 128
0 8   2 3   56 128
0 8   4 2   28 128
0 8   6 1   8 128
0 8   8 0   1 128
1 7  -2 3   -28 128
1 7  -4 2   -56 128
1 7  -6 1   -36 128
1 7  -8 0   -8 128
2 6   0 4   20 128
2 6   2 3   8 128
2 6   4 2   -16 128
2 6   6 1   -56 128
2 6   8 0   -28 128
3 5  -2 3   -36 128
3 5  -4 2   -8 128
3 5  -6 1   28 128
3 5  -8 0   56 128
4 4   0 4   18 128
4 4   4 2   -40 128
4 4   8 0   70 128
5 3  -2 3   -36 128
5 3  -4 2   8 128
5 3  -6 1   28 128
5 3  -8 0   -56 128
6 2   0 4   20 128
6 2   2 3   -8 128
6 2   4 2   -16 128
6 2   6 1   56 128
6 2   8 0   -28 128
7 1  -2 3   -28 128
7 1  -4 2   56 128
7 1  -6 1   -36 128
7 1  -8 0   8 128
8 0   0 4   35 128
8 0   2 3   -56 128
8 0   4 2   28 128
8 0   6 1   -8 128
8 0   8 0   1 128

0 9  -1 4   126 256
0 9  -3 3   84 256
0 9  -5 2   36 256
0 9  -7 1   9 256
0 9  -9 0   1 256
1 8   1 4   14 256
1 8   3 3   84 256
1 8   5 2   100 256
1 8   7 1   49 256
1 8   9 0   9 256
2 7  -1 4   56 256
2 7  -5 2   -64 256
2 7  -7 1   -100 256
2 7  -9 0   -36 256
3 6   1 4   24 256
3 6   3 3   64 256
3 6   7 1   -84 256
3 6   9 0   -84 256
4 5  -1 4   36 256
4 5  -3 3   -24 256
4 5  -5 2   -56 256
4 5  -7 1   14 256
4 5  -9 0   126 256
5 4   1 4   36 256
5 4   3 3   24 256
5 4   5 2   -56 256
5 4   7 1   -14 256
5 4   9 0   126 256
6 3  -1 4   24 256
6 3  -3 3   -64 256
6 3  -7 1   84 256
6 3  -9 0   -84 256
7 2   1 4   56 256
7 2   5 2   -64 256
7 2   7 1   100 256
7 2   9 0   -36 256
8 1  -1 4   14 256
8 1  -3 3   -84 256
8 1  -5 2   100 256
8 1  -7 1   -49 256
8 1  -9 0   9 256
9 0   1 4   126 256
9 0   3 3   -84 256
9 0   5 2   36 256
9 0   7 1   -9 256
9 0   9 0   1 256

0 10   0 5   -126 512
0 10   2 4   -210 512
0 10   4 3   -120 512
0 10   6 2   -45 512
0 10   8 1   -10 512
0 10  10 0   -1 512
1 9  -2 4   84 512
1 9  -4 3   192 512
1 9  -6 2   162 512
1 9  -8 1   64 512
1 9 -10 0   10 512
2 8   0 5   -70 512
2 8   2 4   -42 512
2 8   4 3   24 512
2 8   6 2   169 512
2 8   8 1   162 512
2 8  10 0   45 512
3 7  -2 4   112 512
3 7  -4 3   64 512
3 7  -6 2   -24 512
3 7  -8 1   -192 512
3 7 -10 0   -120 512
4 6   0 5   -60 512
4 6   2 4   -4 512
4 6   4 3   112 512
4 6   6 2   42 512
4 6   8 1   -84 512
4 6  10 0   -210 512
5 5  -2 4   120 512
5 5  -6 2   -140 512
5 5 -10 0   252 512
6 4   0 5   -60 512
6 4   2 4   4 512
6 4   4 3   112 512
6 4   6 2   -42 512
6 4   8 1   -84 512
6 4  10 0   210 512
7 3  -2 4   112 512
7 3  -4 3   -64 512
7 3  -6 2   -24 512
7 3  -8 1   192 512
7 3 -10 0   -120 512
8 2   0 5   -70 512
8 2   2 4   42 512
8 2   4 3   24 512
8 2   6 2   -169 512
8 2   8 1   162 512
8 2  10 0   -45 512
9 1  -2 4   84 512
9 1  -4 3   -192 512
9 1  -6 2   162 512
9 1  -8 1   -64 512
9 1 -10 0   10 512
10 0   0 5   -126 512
10 0   2 4   210 512
10 0   4 3   -120 512
10 0   6 2   45 512
10 0   8 1   -10 512
10 0  10 0   1 512

0 11  -1 5   -462 1024
0 11  -3 4   -330 1024
0 11  -5 3   -165 1024
0 11  -7 2   -55 1024
0 11  -9 1   -11 1024
0 11 -11 0   -1 1024
1 10   1 5   -42 1024
1 10   3 4   -270 1024
1 10   5 3   -375 1024
1 10   7 2   -245 1024
1 10   9 1   -81 1024
1 10  11 0   -11 1024
2 9  -1 5   -210 1024
2 9  -3 4   -6 1024
2 9  -5 3   147 1024
2 9  -7 2   361 1024
2 9  -9 1   245 1024
2 9 -11 0   55 1024
3 8   1 5   -70 1024
3 8   3 4   -242 1024
3 8   5 3   -25 1024
3 8   7 2   147 1024
3 8   9 1   375 1024
3 8  11 0   165 1024
4 7  -1 5   -140 1024
4 7  -3 4   36 1024
4 7  -5 3   242 1024
4 7  -7 2   6 1024
4 7  -9 1   -270 1024
4 7 -11 0   -330 1024
5 6   1 5   -100 1024
5 6   3 4   -140 1024
5 6   5 3   70 1024
5 6   7 2   210 1024
5 6   9 1   -42 1024
5 6  11 0   -462 1024
6 5  -1 5   -100 1024
6 5  -3 4   140 1024
6 5  -5 3   70 1024
6 5  -7 2   -210 1024
6 5  -9 1   -42 1024
6 5 -11 0   462 1024
7 4   1 5   -140 1024
7 4   3 4   -36 1024
7 4   5 3   242 1024
7 4   7 2   -6 1024
7 4   9 1   -270 1024
7 4  11 0   330 1024
8 3  -1 5   -70 1024
8 3  -3 4   242 1024
8 3  -5 3   -25 1024
8 3  -7 2   -147 1024
8 3  -9 1   375 1024
8 3 -11 0   -165 1024
9 2   1 5   -210 1024
9 2   3 4   6 1024
9 2   5 3   147 1024
9 2   7 2   -361 1024
9 2   9 1   245 1024
9 2  11 0   -55 1024
10 1  -1 5   -42 1024
10 1  -3 4   270 1024
10 1  -5 3   -375 1024
10 1  -7 2   245 1024
10 1  -9 1   -81 1024
10 1 -11 0   11 1024
11 0   1 5   -462 1024
11 0   3 4   330 1024
11 0   5 3   -165 1024
11 0   7 2   55 1024
11 0   9 1   -11 1024
11 0  11 0   1 1024

0 12   0 6   462 2048
0 12   2 5   792 2048
0 12   4 4   495 2048
0 12   6 3   220 2048
0 12   8 2   66 2048
0 12  10 1   12 2048
0 12  12 0   1 2048
1 11  -2 5   -264 2048
1 11  -4 4   -660 2048
1 11  -6 3   -660 2048
1 11  -8 2   -352 2048
1 11 -10 1   -100 2048
1 11 -12 0   -12 2048
2 10   0 6   252 2048
2 10   2 5   192 2048
2 10   4 4   -30 2048
2 10   6 3   -480 2048
2 10   8 2   -676 2048
2 10  10 1   -352 2048
2 10  12 0   -66 2048
3 9  -2 5   -360 2048
3 9  -4 4   -324 2048
3 9  -6 3   4 2048
3 9  -8 2   480 2048
3 9 -10 1   660 2048
3 9 -12 0   220 2048
4 8   0 6   210 2048
4 8   2 5   40 2048
4 8   4 4   -289 2048
4 8   6 3   -324 2048
4 8   8 2   30 2048
4 8  10 1   660 2048
4 8  12 0   495 2048
5 7  -2 5   -400 2048
5 7  -4 4   -40 2048
5 7  -6 3   360 2048
5 7  -8 2   192 2048
5 7 -10 1   -264 2048
5 7 -12 0   -792 2048
6 6   0 6   200 2048
6 6   4 4   -420 2048
6 6   8 2   504 2048
6 6  12 0   -924 2048
7 5  -2 5   -400 2048
7 5  -4 4   40 2048
7 5  -6 3   360 2048
7 5  -8 2   -192 2048
7 5 -10 1   -264 2048
7 5 -12 0   792 2048
8 4   0 6   210 2048
8 4   2 5   -40 2048
8 4   4 4   -289 2048
8 4   6 3   324 2048
8 4   8 2   30 2048
8 4  10 1   -660 2048
8 4  12 0   495 2048
9 3  -2 5   -360 2048
9 3  -4 4   324 2048
9 3  -6 3   4 2048
9 3  -8 2   -480 2048
9 3 -10 1   660 2048
9 3 -12 0   -220 2048
10 2   0 6   252 2048
10 2   2 5   -192 2048
10 2   4 4   -30 2048
10 2   6 3   480 2048
10 2   8 2   -676 2048
10 2  10 1   352 2048
10 2  12 0   -66 2048
11 1  -2 5   -264 2048
11 1  -4 4   660 2048
11 1  -6 3   -660 2048
11 1  -8 2   352 2048
11 1 -10 1   -100 2048
11 1 -12 0   12 2048
12 0   0 6   462 2048
12 0   2 5   -792 2048
12 0   4 4   495 2048
12 0   6 3   -220 2048
12 0   8 2   66 2048
12 0  10 1   -12 2048
12 0  12 0   1 2048

0 13  -1 6   1716 4096
0 13  -3 5   1287 4096
0 13  -5 4   715 4096
0 13  -7 3   286 4096
0 13  -9 2   78 4096
0 13 -11 1   13 4096
0 13 -13 0   1 4096
1 12   1 6   132 4096
1 12   3 5   891 4096
1 12   5 4   1375 4096
1 12   7 3   1078 4096
1 12   9 2   486 4096
1 12  11 1   121 4096
1 12  13 0   13 4096
2 11  -1 6   792 4096
2 11  -3 5   66 4096
2 11  -5 4   -330 4096
2 11  -7 3   -1188 4096
2 11  -9 2   -1156 4096
2 11 -11 1   -486 4096
2 11 -13 0   -78 4096
3 10   1 6   216 4096
3 10   3 5   882 4096
3 10   5 4   250 4096
3 10   7 3   -196 4096
3 10   9 2   -1188 4096
3 10  11 1   -1078 4096
3 10  13 0   -286 4096
4 9  -1 6   540 4096
4 9  -3 5   -45 4096
4 9  -5 4   -841 4096
4 9  -7 3   -250 4096
4 9  -9 2   330 4096
4 9 -11 1   1375 4096
4 9 -13 0   715 4096
5 8   1 6   300 4096
5 8   3 5   625 4096
5 8   5 4   -45 4096
5 8   7 3   -882 4096
5 8   9 2   -66 4096
5 8  11 1   891 4096
5 8  13 0   1287 4096
6 7  -1 6   400 4096
6 7  -3 5   -300 4096
6 7  -5 4   -540 4096
6 7  -7 3   216 4096
6 7  -9 2   792 4096
6 7 -11 1   -132 4096
6 7 -13 0   -1716 4096
7 6   1 6   400 4096
7 6   3 5   300 4096
7 6   5 4   -540 4096
7 6   7 3   -216 4096
7 6   9 2   792 4096
7 6  11 1   132 4096
7 6  13 0   -1716 4096
8 5  -1 6   300 4096
8 5  -3 5   -625 4096
8 5  -5 4   -45 4096
8 5  -7 3   882 4096
8 5  -9 2   -66 4096
8 5 -11 1   -891 4096
8 5 -13 0   1287 4096
9 4   1 6   540 4096
9 4   3 5   45 4096
9 4   5 4   -841 4096
9 4   7 3   250 4096
9 4   9 2   330 4096
9 4  11 1   -1375 4096
9 4  13 0   715 4096
10 3  -1 6   216 4096
10 3  -3 5   -882 4096
10 3  -5 4   250 4096
10 3  -7 3   196 4096
10 3  -9 2   -1188 4096
10 3 -11 1   1078 4096
10 3 -13 0   -286 4096
11 2   1 6   792 4096
11 2   3 5   -66 4096
11 2   5 4   -330 4096
11 2   7 3   1188 4096
11 2   9 2   -1156 4096
11 2  11 1   486 4096
11 2  13 0   -78 4096
12 1  -1 6   132 4096
12 1  -3 5   -891 4096
12 1  -5 4   1375 4096
12 1  -7 3   -1078 4096
12 1  -9 2   486 4096
12 1 -11 1   -121 4096
12 1 -13 0   13 4096
13 0   1 6   1716 4096
13 0   3 5   -1287 4096
13 0   5 4   715 4096
13 0   7 3   -286 4096
13 0   9 2   78 4096
13 0  11 1   -13 4096
13 0  13 0   1 4096

0 14   0 7   -1716 8192
0 14   2 6   -3003 8192
0 14   4 5   -2002 8192
0 14   6 4   -1001 8192
0 14   8 3   -364 8192
0 14  10 2   -91 8192
0 14  12 1   -14 8192
0 14  14 0   -1 8192
1 13  -2 6   858 8192
1 13  -4 5   2288 8192
1 13  -6 4   2574 8192
1 13  -8 3   1664 8192
1 13 -10 2   650 8192
1 13 -12 1   144 8192
1 13 -14 0   14 8192
2 12   0 7   -924 8192
2 12   2 6   -825 8192
2 12   4 5   22 8192
2 12   6 4   1331 8192
2 12   8 3   2500 8192
2 12  10 2   1849 8192
2 12  12 1   650 8192
2 12  14 0   91 8192
3 11  -2 6   1188 8192
3 11  -4 5   1408 8192
3 11  -6 4   44 8192
3 11  -8 3   -1024 8192
3 11 -10 2   -2500 8192
3 11 -12 1   -1664 8192
3 11 -14 0   -364 8192
4 10   0 7   -756 8192
4 10   2 6   -243 8192
4 10   4 5   722 8192
4 10   6 4   1521 8192
4 10   8 3   44 8192
4 10  10 2   -1331 8192
4 10  12 1   -2574 8192
4 10  14 0   -1001 8192
5 9  -2 6   1350 8192
5 9  -4 5   400 8192
5 9  -6 4   -722 8192
5 9  -8 3   -1408 8192
5 9 -10 2   22 8192
5 9 -12 1   2288 8192
5 9 -14 0   2002 8192
6 8   0 7   -700 8192
6 8   2 6   -25 8192
6 8   4 5   1350 8192
6 8   6 4   243 8192
6 8   8 3   -1188 8192
6 8  10 2   -825 8192
6 8  12 1   858 8192
6 8  14 0   3003 8192
7 7  -2 6   1400 8192
7 7  -6 4   -1512 8192
7 7 -10 2   1848 8192
7 7 -14 0   -3432 8192
8 6   0 7   -700 8192
8 6   2 6   25 8192
8 6   4 5   1350 8192
8 6   6 4   -243 8192
8 6   8 3   -1188 8192
8 6  10 2   825 8192
8 6  12 1   858 8192
8 6  14 0   -3003 8192
9 5  -2 6   1350 8192
9 5  -4 5   -400 8192
9 5  -6 4   -722 8192
9 5  -8 3   1408 8192
9 5 -10 2   22 8192
9 5 -12 1   -2288 8192
9 5 -14 0   2002 8192
10 4   0 7   -756 8192
10 4   2 6   243 8192
10 4   4 5   722 8192
10 4   6 4   -1521 8192
10 4   8 3   44 8192
10 4  10 2   1331 8192
10 4  12 1   -2574 8192
10 4  14 0   1001 8192
11 3  -2 6   1188 8192
11 3  -4 5   -1408 8192
11 3  -6 4   44 8192
11 3  -8 3   1024 8192
11 3 -10 2   -2500 8192
11 3 -12 1   1664 8192
11 3 -14 0   -364 8192
12 2   0 7   -924 8192
12 2   2 6   825 8192
12 2   4 5   22 8192
12 2   6 4   -1331 8192
12 2   8 3   2500 8192
12 2  10 2   -1849 8192
12 2  12 1   650 8192
12 2  14 0   -91 8192
13 1  -2 6   858 8192
13 1  -4 5   -2288 8192
13 1  -6 4   2574 8192
13 1  -8 3   -1664 8192
13 1 -10 2   650 8192
13 1 -12 1   -144 8192
13 1 -14 0   14 8192
14 0   0 7   -1716 8192
14 0   2 6   3003 8192
14 0   4 5   -2002 8192
14 0   6 4   1001 8192
14 0   8 3   -364 8192
14 0  10 2   91 8192
14 0  12 1   -14 8192
14 0  14 0   1 8192

0 15  -1 7   -6435 16384
0 15  -3 6   -5005 16384
0 15  -5 5   -3003 16384
0 15  -7 4   -1365 16384
0 15  -9 3   -455 16384
0 15 -11 2   -105 16384
0 15 -13 1   -15 16384
0 15 -15 0   -1 16384
1 14   1 7   -429 16384
1 14   3 6   -3003 16384
1 14   5 5   -5005 16384
1 14   7 4   -4459 16384
1 14   9 3   -2457 16384
1 14  11 2   -847 16384
1 14  13 1   -169 16384
1 14  15 0   -15 16384
2 13  -1 7   -3003 16384
2 13  -3 6   -429 16384
2 13  -5 5   715 16384
2 13  -7 4   3757 16384
2 13  -9 3   4719 16384
2 13 -11 2   2809 16384
2 13 -13 1   847 16384
2 13 -15 0   105 16384
3 12   1 7   -693 16384
3 12   3 6   -3179 16384
3 12   5 5   -1485 16384
3 12   7 4   147 16384
3 12   9 3   3249 16384
3 12  11 2   4719 16384
3 12  13 1   2457 16384
3 12  15 0   455 16384
4 11  -1 7   -2079 16384
4 11  -3 6   33 16384
4 11  -5 5   2695 16384
4 11  -7 4   1849 16384
4 11  -9 3   -147 16384
4 11 -11 2   -3757 16384
4 11 -13 1   -4459 16384
4 11 -15 0   -1365 16384
5 10   1 7   -945 16384
5 10   3 6   -2535 16384
5 10   5 5   -1 16384
5 10   7 4   2695 16384
5 10   9 3   1485 16384
5 10  11 2   -715 16384
5 10  13 1   -5005 16384
5 10  15 0   -3003 16384
6 9  -1 7   -1575 16384
6 9  -3 6   625 16384
6 9  -5 5   2535 16384
6 9  -7 4   -33 16384
6 9  -9 3   -3179 16384
6 9 -11 2   -429 16384
6 9 -13 1   3003 16384
6 9 -15 0   5005 16384
7 8   1 7   -1225 16384
7 8   3 6   -1575 16384
7 8   5 5   945 16384
7 8   7 4   2079 16384
7 8   9 3   -693 16384
7 8  11 2   -3003 16384
7 8  13 1   429 16384
7 8  15 0   6435 16384
8 7  -1 7   -1225 16384
8 7  -3 6   1575 16384
8 7  -5 5   945 16384
8 7  -7 4   -2079 16384
8 7  -9 3   -693 16384
8 7 -11 2   3003 16384
8 7 -13 1   429 16384
8 7 -15 0   -6435 16384
9 6   1 7   -1575 16384
9 6   3 6   -625 16384
9 6   5 5   2535 16384
9 6   7 4   33 16384
9 6   9 3   -3179 16384
9 6  11 2   429 16384
9 6  13 1   3003 16384
9 6  15 0   -5005 16384
10 5  -1 7   -945 16384
10 5  -3 6   2535 16384
10 5  -5 5   -1 16384
10 5  -7 4   -2695 16384
10 5  -9 3   1485 16384
10 5 -11 2   715 16384
10 5 -13 1   -5005 16384
10 5 -15 0   3003 16384
11 4   1 7   -2079 16384
11 4   3 6   -33 16384
11 4   5 5   2695 16384
11 4   7 4   -1849 16384
11 4   9 3   -147 16384
11 4  11 2   3757 16384
11 4  13 1   -4459 16384
11 4  15 0   1365 16384
12 3  -1 7   -693 16384
12 3  -3 6   3179 16384
12 3  -5 5   -1485 16384
12 3  -7 4   -147 16384
12 3  -9 3   3249 16384
12 3 -11 2   -4719 16384
12 3 -13 1   2457 16384
12 3 -15 0   -455 16384
13 2   1 7   -3003 16384
13 2   3 6   429 16384
13 2   5 5   715 16384
13 2   7 4   -3757 16384
13 2   9 3   4719 16384
13 2  11 2   -2809 16384
13 2  13 1   847 16384
13 2  15 0   -105 16384
14 1  -1 7   -429 16384
14 1  -3 6   3003 16384
14 1  -5 5   -5005 16384
14 1  -7 4   4459 16384
14 1  -9 3   -2457 16384
14 1 -11 2   847 16384
14 1 -13 1   -169 16384
14 1 -15 0   15 16384
15 0   1 7   -6435 16384
15 0   3 6   5005 16384
15 0   5 5   -3003 16384
15 0   7 4   1365 16384
15 0   9 3   -455 16384
15 0  11 2   105 16384
15 0  13 1   -15 16384
15 0  15 0   1 16384

0 16   0 8   6435 32768
0 16   2 7   11440 32768
0 16   4 6   8008 32768
0 16   6 5   4368 32768
0 16   8 4   1820 32768
0 16  10 3   560 32768
0 16  12 2   120 32768
0 16  14 1   16 32768
0 16  16 0   1 32768
1 15  -2 7   -2860 32768
1 15  -4 6   -8008 32768
1 15  -6 5   -9828 32768
1 15  -8 4   -7280 32768
1 15 -10 3   -3500 32768
1 15 -12 2   -1080 32768
1 15 -14 1   -196 32768
1 15 -16 0   -16 32768
2 14   0 8   3432 32768
2 14   2 7   3432 32768
2 14   6 5   -3640 32768
2 14   8 4   -8736 32768
2 14  10 3   -8232 32768
2 14  12 2   -4096 32768
2 14  14 1   -1080 32768
2 14  16 0   -120 32768
3 13  -2 7   -4004 32768
3 13  -4 6   -5720 32768
3 13  -6 5   -780 32768
3 13  -8 4   1872 32768
3 13 -10 3   8100 32768
3 13 -12 2   8232 32768
3 13 -14 1   3500 32768
3 13 -16 0   560 32768
4 12   0 8   2772 32768
4 12   2 7   1232 32768
4 12   4 6   -1760 32768
4 12   6 5   -6000 32768
4 12   8 4   -1296 32768
4 12  10 3   1872 32768
4 12  12 2   8736 32768
4 12  14 1   7280 32768
4 12  16 0   1820 32768
5 11  -2 7   -4620 32768
5 11  -4 6   -2376 32768
5 11  -6 5   1156 32768
5 11  -8 4   6000 32768
5 11 -10 3   780 32768
5 11 -12 2   -3640 32768
5 11 -14 1   -9828 32768
5 11 -16 0   -4368 32768
6 10   0 8   2520 32768
6 10   2 7   280 32768
6 10   4 6   -4096 32768
6 10   6 5   -2376 32768
6 10   8 4   1760 32768
6 10  10 3   5720 32768
6 10  14 1   -8008 32768
6 10  16 0   -8008 32768
7 9  -2 7   -4900 32768
7 9  -4 6   -280 32768
7 9  -6 5   4620 32768
7 9  -8 4   1232 32768
7 9 -10 3   -4004 32768
7 9 -12 2   -3432 32768
7 9 -14 1   2860 32768
7 9 -16 0   11440 32768
8 8   0 8   2450 32768
8 8   4 6   -5040 32768
8 8   8 4   5544 32768
8 8  12 2   -6864 32768
8 8  16 0   12870 32768
9 7  -2 7   -4900 32768
9 7  -4 6   280 32768
9 7  -6 5   4620 32768
9 7  -8 4   -1232 32768
9 7 -10 3   -4004 32768
9 7 -12 2   3432 32768
9 7 -14 1   2860 32768
9 7 -16 0   -11440 32768
10 6   0 8   2520 32768
10 6   2 7   -280 32768
10 6   4 6   -4096 32768
10 6   6 5   2376 32768
10 6   8 4   1760 32768
10 6  10 3   -5720 32768
10 6  14 1   8008 32768
10 6  16 0   -8008 32768
11 5  -2 7   -4620 32768
11 5  -4 6   2376 32768
11 5  -6 5   1156 32768
11 5  -8 4   -6000 32768
11 5 -10 3   780 32768
11 5 -12 2   3640 32768
11 5 -14 1   -9828 32768
11 5 -16 0   4368 32768
12 4   0 8   2772 32768
12 4   2 7   -1232 32768
12 4   4 6   -1760 32768
12 4   6 5   6000 32768
12 4   8 4   -1296 32768
12 4  10 3   -1872 32768
12 4  12 2   8736 32768
12 4  14 1   -7280 32768
12 4  16 0   1820 32768
13 3  -2 7   -4004 32768
13 3  -4 6   5720 32768
13 3  -6 5   -780 32768
13 3  -8 4   -1872 32768
13 3 -10 3   8100 32768
13 3 -12 2   -8232 32768
13 3 -14 1   3500 32768
13 3 -16 0   -560 32768
14 2   0 8   3432 32768
14 2   2 7   -3432 32768
14 2   6 5   3640 32768
14 2   8 4   -8736 32768
14 2  10 3   8232 32768
14 2  12 2   -4096 32768
14 2  14 1   1080 32768
14 2  16 0   -120 32768
15 1  -2 7   -2860 32768
15 1  -4 6   8008 32768
15 1  -6 5   -9828 32768
15 1  -8 4   7280 32768
15 1 -10 3   -3500 32768
15 1 -12 2   1080 32768
15 1 -14 1   -196 32768
15 1 -16 0   16 32768
16 0   0 8   6435 32768
16 0   2 7   -11440 32768
16 0   4 6   8008 32768
16 0   6 5   -4368 32768
16 0   8 4   1820 32768
16 0  10 3   -560 32768
16 0  12 2   120 32768
16 0  14 1   -16 32768
16 0  16 0   1 32768

0 17  -1 8   24310 65536
0 17  -3 7   19448 65536
0 17  -5 6   12376 65536
0 17  -7 5   6188 65536
0 17  -9 4   2380 65536
0 17 -11 3   680 65536
0 17 -13 2   136 65536
0 17 -15 1   17 65536
0 17 -17 0   1 65536
1 16   1 8   1430 65536
1 16   3 7   10296 65536
1 16   5 6   18200 65536
1 16   7 5   17836 65536
1 16   9 4   11340 65536
1 16  11 3   4840 65536
1 16  13 2   1352 65536
1 16  15 1   225 65536
1 16  17 0   17 65536
2 15  -1 8   11440 65536
2 15  -3 7   2288 65536
2 15  -5 6   -1456 65536
2 15  -7 5   -11648 65536
2 15  -9 4   -17920 65536
2 15 -11 3   -13520 65536
2 15 -13 2   -5776 65536
2 15 -15 1   -1352 65536
2 15 -17 0   -136 65536
3 14   1 8   2288 65536
3 14   3 7   11440 65536
3 14   5 6   7280 65536
3 14   9 4   -8064 65536
3 14  11 3   -17424 65536
3 14  13 2   -13520 65536
3 14  15 1   -4840 65536
3 14  17 0   -680 65536
4 13  -1 8   8008 65536
4 13  -5 6   -8320 65536
4 13  -7 5   -9360 65536
4 13  -9 4   -144 65536
4 13 -11 3   8064 65536
4 13 -13 2   17920 65536
4 13 -15 1   11340 65536
4 13 -17 0   2380 65536
5 12   1 8   3080 65536
5 12   3 7   9856 65536
5 12   5 6   512 65536
5 12   7 5   -7056 65536
5 12   9 4   -9360 65536
5 12  13 2   11648 65536
5 12  15 1   17836 65536
5 12  17 0   6188 65536
6 11  -1 8   6160 65536
6 11  -3 7   -1232 65536
6 11  -5 6   -10000 65536
6 11  -7 5   -512 65536
6 11  -9 4   8320 65536
6 11 -11 3   7280 65536
6 11 -13 2   -1456 65536
6 11 -15 1   -18200 65536
6 11 -17 0   -12376 65536
7 10   1 8   3920 65536
7 10   3 7   7056 65536
7 10   5 6   -1232 65536
7 10   7 5   -9856 65536
7 10  11 3   11440 65536
7 10  13 2   2288 65536
7 10  15 1   -10296 65536
7 10  17 0   -19448 65536
8 9  -1 8   4900 65536
8 9  -3 7   -3920 65536
8 9  -5 6   -6160 65536
8 9  -7 5   3080 65536
8 9  -9 4   8008 65536
8 9 -11 3   -2288 65536
8 9 -13 2   -11440 65536
8 9 -15 1   1430 65536
8 9 -17 0   24310 65536
9 8   1 8   4900 65536
9 8   3 7   3920 65536
9 8   5 6   -6160 65536
9 8   7 5   -3080 65536
9 8   9 4   8008 65536
9 8  11 3   2288 65536
9 8  13 2   -11440 65536
9 8  15 1   -1430 65536
9 8  17 0   24310 65536
10 7  -1 8   3920 65536
10 7  -3 7   -7056 65536
10 7  -5 6   -1232 65536
10 7  -7 5   9856 65536
10 7 -11 3   -11440 65536
10 7 -13 2   2288 65536
10 7 -15 1   10296 65536
10 7 -17 0   -19448 65536
11 6   1 8   6160 65536
11 6   3 7   1232 65536
11 6   5 6   -10000 65536
11 6   7 5   512 65536
11 6   9 4   8320 65536
11 6  11 3   -7280 65536
11 6  13 2   -1456 65536
11 6  15 1   18200 65536
11 6  17 0   -12376 65536
12 5  -1 8   3080 65536
12 5  -3 7   -9856 65536
12 5  -5 6   512 65536
12 5  -7 5   7056 65536
12 5  -9 4   -9360 65536
12 5 -13 2   11648 65536
12 5 -15 1   -17836 65536
12 5 -17 0   6188 65536
13 4   1 8   8008 65536
13 4   5 6   -8320 65536
13 4   7 5   9360 65536
13 4   9 4   -144 65536
13 4  11 3   -8064 65536
13 4  13 2   17920 65536
13 4  15 1   -11340 65536
13 4  17 0   2380 65536
14 3  -1 8   2288 65536
14 3  -3 7   -11440 65536
14 3  -5 6   7280 65536
14 3  -9 4   -8064 65536
14 3 -11 3   17424 65536
14 3 -13 2   -13520 65536
14 3 -15 1   4840 65536
14 3 -17 0   -680 65536
15 2   1 8   11440 65536
15 2   3 7   -2288 65536
15 2   5 6   -1456 65536
15 2   7 5   11648 65536
15 2   9 4   -17920 65536
15 2  11 3   13520 65536
15 2  13 2   -5776 65536
15 2  15 1   1352 65536
15 2  17 0   -136 65536
16 1  -1 8   1430 65536
16 1  -3 7   -10296 65536
16 1  -5 6   18200 65536
16 1  -7 5   -17836 65536
16 1  -9 4   11340 65536
16 1 -11 3   -4840 65536
16 1 -13 2   1352 65536
16 1 -15 1   -225 65536
16 1 -17 0   17 65536
17 0   1 8   24310 65536
17 0   3 7   -19448 65536
17 0   5 6   12376 65536
17 0   7 5   -6188 65536
17 0   9 4   2380 65536
17 0  11 3   -680 65536
17 0  13 2   136 65536
17 0  15 1   -17 65536
17 0  17 0   1 65536

0 18   0 9   -24310 131072
0 18   2 8   -43758 131072
0 18   4 7   -31824 131072
0 18   6 6   -18564 131072
0 18   8 5   -8568 131072
0 18  10 4   -3060 131072
0 18  12 3   -816 131072
0 18  14 2   -153 131072
0 18  16 1   -18 131072
0 18  18 0   -1 131072
1 17  -2 8   9724 131072
1 17  -4 7   28288 131072
1 17  -6 6   37128 131072
1 17  -8 5   30464 131072
1 17 -10 4   17000 131072
1 17 -12 3   6528 131072
1 17 -14 2   1666 131072
1 17 -16 1   256 131072
1 17 -18 0   18 131072
2 16   0 9   -12870 131072
2 16   2 8   -14014 131072
2 16   4 7   -208 131072
2 16   6 6   9828 131072
2 16   8 5   29624 131072
2 16  10 4   33620 131072
2 16  12 3   21168 131072
2 16  14 2   7921 131072
2 16  16 1   1666 131072
2 16  18 0   153 131072
3 15  -2 8   13728 131072
3 15  -4 7   22464 131072
3 15  -6 6   5824 131072
3 15  -8 5   -2688 131072
3 15 -10 4   -24000 131072
3 15 -12 3   -33856 131072
3 15 -14 2   -21168 131072
3 15 -16 1   -6528 131072
3 15 -18 0   -816 131072
4 14   0 9   -10296 131072
4 14   2 8   -5720 131072
4 14   4 7   4160 131072
4 14   6 6   21840 131072
4 14   8 5   10080 131072
4 14  10 4   -1296 131072
4 14  12 3   -24000 131072
4 14  14 2   -33620 131072
4 14  16 1   -17000 131072
4 14  18 0   -3060 131072
5 13  -2 8   16016 131072
5 13  -4 7   11648 131072
5 13  -6 6   -1248 131072
5 13  -8 5   -20736 131072
5 13 -10 4   -10080 131072
5 13 -12 3   2688 131072
5 13 -14 2   29624 131072
5 13 -16 1   30464 131072
5 13 -18 0   8568 131072
6 12   0 9   -9240 131072
6 12   2 8   -1848 131072
6 12   4 7   12096 131072
6 12   6 6   13456 131072
6 12   8 5   -1248 131072
6 12  10 4   -21840 131072
6 12  12 3   -5824 131072
6 12  14 2   9828 131072
6 12  16 1   37128 131072
6 12  18 0   18564 131072
7 11  -2 8   17248 131072
7 11  -4 7   3136 131072
7 11  -6 6   -12096 131072
7 11  -8 5   -11648 131072
7 11 -10 4   4160 131072
7 11 -12 3   22464 131072
7 11 -14 2   208 131072
7 11 -16 1   -28288 131072
7 11 -18 0   -31824 131072
8 10   0 9   -8820 131072
8 10   2 8   -196 131072
8 10   4 7   17248 131072
8 10   6 6   1848 131072
8 10   8 5   -16016 131072
8 10  10 4   -5720 131072
8 10  12 3   13728 131072
8 10  14 2   14014 131072
8 10  16 1   -9724 131072
8 10  18 0   -43758 131072
9 9  -2 8   17640 131072
9 9  -6 6   -18480 131072
9 9 -10 4   20592 131072
9 9 -14 2   -25740 131072
9 9 -18 0   48620 131072
10 8   0 9   -8820 131072
10 8   2 8   196 131072
10 8   4 7   17248 131072
10 8   6 6   -1848 131072
10 8   8 5   -16016 131072
10 8  10 4   5720 131072
10 8  12 3   13728 131072
10 8  14 2   -14014 131072
10 8  16 1   -9724 131072
10 8  18 0   43758 131072
11 7  -2 8   17248 131072
11 7  -4 7   -3136 131072
11 7  -6 6   -12096 131072
11 7  -8 5   11648 131072
11 7 -10 4   4160 131072
11 7 -12 3   -22464 131072
11 7 -14 2   208 131072
11 7 -16 1   28288 131072
11 7 -18 0   -31824 131072
12 6   0 9   -9240 131072
12 6   2 8   1848 131072
12 6   4 7   12096 131072
12 6   6 6   -13456 131072
12 6   8 5   -1248 131072
12 6  10 4   21840 131072
12 6  12 3   -5824 131072
12 6  14 2   -9828 131072
12 6  16 1   37128 131072
12 6  18 0   -18564 131072
13 5  -2 8   16016 131072
13 5  -4 7   -11648 131072
13 5  -6 6   -1248 131072
13 5  -8 5   20736 131072
13 5 -10 4   -10080 131072
13 5 -12 3   -2688 131072
13 5 -14 2   29624 131072
13 5 -16 1   -30464 131072
13 5 -18 0   8568 131072
14 4   0 9   -10296 131072
14 4   2 8   5720 131072
14 4   4 7   4160 131072
14 4   6 6   -21840 131072
14 4   8 5   10080 131072
14 4  10 4   1296 131072
14 4  12 3   -24000 131072
14 4  14 2   33620 131072
14 4  16 1   -17000 131072
14 4  18 0   3060 131072
15 3  -2 8   13728 131072
15 3  -4 7   -22464 131072
15 3  -6 6   5824 131072
15 3  -8 5   2688 131072
15 3 -10 4   -24000 131072
15 3 -12 3   33856 131072
15 3 -14 2   -21168 131072
15 3 -16 1   6528 131072
15 3 -18 0   -816 131072
16 2   0 9   -12870 131072
16 2   2 8   14014 131072
16 2   4 7   -208 131072
16 2   6 6   -9828 131072
16 2   8 5   29624 131072
16 2  10 4   -33620 131072
16 2  12 3   21168 131072
16 2  14 2   -7921 131072
16 2  16 1   1666 131072
16 2  18 0   -153 131072
17 1  -2 8   9724 131072
17 1  -4 7   -28288 131072
17 1  -6 6   37128 131072
17 1  -8 5   -30464 131072
17 1 -10 4   17000 131072
17 1 -12 3   -6528 131072
17 1 -14 2   1666 131072
17 1 -16 1   -256 131072
17 1 -18 0   18 131072
18 0   0 9   -24310 131072
18 0   2 8   43758 131072
18 0   4 7   -31824 131072
18 0   6 6   18564 131072
18 0   8 5   -8568 131072
18 0  10 4   3060 131072
18 0  12 3   -816 131072
18 0  14 2   153 131072
18 0  16 1   -18 131072
18 0  18 0   1 131072

0 19  -1 9   -92378 262144
0 19  -3 8   -75582 262144
0 19  -5 7   -50388 262144
0 19  -7 6   -27132 262144
0 19  -9 5   -11628 262144
0 19 -11 4   -3876 262144
0 19 -13 3   -969 262144
0 19 -15 2   -171 262144
0 19 -17 1   -19 262144
0 19 -19 0   -1 262144
1 18   1 9   -4862 262144
1 18   3 8   -35802 262144
1 18   5 7   -66300 262144
1 18   7 6   -69972 262144
1 18   9 5   -49572 262144
1 18  11 4   -24684 262144
1 18  13 3   -8619 262144
1 18  15 2   -2025 262144
1 18  17 1   -289 262144
1 18  19 0   -19 262144
2 17  -1 9   -43758 262144
2 17  -3 8   -11050 262144
2 17  -5 7   2652 262144
2 17  -7 6   35700 262144
2 17  -9 5   65348 262144
2 17 -11 4   58956 262144
2 17 -13 3   31875 262144
2 17 -15 2   10609 262144
2 17 -17 1   2025 262144
2 17 -19 0   171 262144
3 16   1 9   -7722 262144
3 16   3 8   -41262 262144
3 16   5 7   -32500 262144
3 16   7 6   -1372 262144
3 16   9 5   18252 262144
3 16  11 4   58564 262144
3 16  13 3   61009 262144
3 16  15 2   31875 262144
3 16  17 1   8619 262144
3 16  19 0   969 262144
4 15  -1 9   -30888 262144
4 15  -3 8   -312 262144
4 15  -5 7   25168 262144
4 15  -7 6   40432 262144
4 15  -9 5   5808 262144
4 15 -11 4   -13456 262144
4 15 -13 3   -58564 262144
4 15 -15 2   -58956 262144
4 15 -17 1   -24684 262144
4 15 -19 0   -3876 262144
5 14   1 9   -10296 262144
5 14   3 8   -37544 262144
5 14   5 7   -5616 262144
5 14   7 6   16464 262144
5 14   9 5   41616 262144
5 14  11 4   5808 262144
5 14  13 3   -18252 262144
5 14  15 2   -65348 262144
5 14  17 1   -49572 262144
5 14  19 0   -11628 262144
6 13  -1 9   -24024 262144
6 13  -3 8   2184 262144
6 13  -5 7   36400 262144
6 13  -7 6   8464 262144
6 13  -9 5   -16464 262144
6 13 -11 4   -40432 262144
6 13 -13 3   -1372 262144
6 13 -15 2   35700 262144
6 13 -17 1   69972 262144
6 13 -19 0   27132 262144
7 12   1 9   -12936 262144
7 12   3 8   -29400 262144
7 12   5 7   784 262144
7 12   7 6   36400 262144
7 12   9 5   5616 262144
7 12  11 4   -25168 262144
7 12  13 3   -32500 262144
7 12  15 2   2652 262144
7 12  17 1   66300 262144
7 12  19 0   50388 262144
8 11  -1 9   -19404 262144
8 11  -3 8   9604 262144
8 11  -5 7   29400 262144
8 11  -7 6   -2184 262144
8 11  -9 5   -37544 262144
8 11 -11 4   -312 262144
8 11 -13 3   41262 262144
8 11 -15 2   11050 262144
8 11 -17 1   -35802 262144
8 11 -19 0   -75582 262144
9 10   1 9   -15876 262144
9 10   3 8   -19404 262144
9 10   5 7   12936 262144
9 10   7 6   24024 262144
9 10   9 5   -10296 262144
9 10  11 4   -30888 262144
9 10  13 3   7722 262144
9 10  15 2   43758 262144
9 10  17 1   -4862 262144
9 10  19 0   -92378 262144
10 9  -1 9   -15876 262144
10 9  -3 8   19404 262144
10 9  -5 7   12936 262144
10 9  -7 6   -24024 262144
10 9  -9 5   -10296 262144
10 9 -11 4   30888 262144
10 9 -13 3   7722 262144
10 9 -15 2   -43758 262144
10 9 -17 1   -4862 262144
10 9 -19 0   92378 262144
11 8   1 9   -19404 262144
11 8   3 8   -9604 262144
11 8   5 7   29400 262144
11 8   7 6   2184 262144
11 8   9 5   -37544 262144
11 8  11 4   312 262144
11 8  13 3   41262 262144
11 8  15 2   -11050 262144
11 8  17 1   -35802 262144
11 8  19 0   75582 262144
12 7  -1 9   -12936 262144
12 7  -3 8   29400 262144
12 7  -5 7   784 262144
12 7  -7 6   -36400 262144
12 7  -9 5   5616 262144
12 7 -11 4   25168 262144
12 7 -13 3   -32500 262144
12 7 -15 2   -2652 262144
12 7 -17 1   66300 262144
12 7 -19 0   -50388 262144
13 6   1 9   -24024 262144
13 6   3 8   -2184 262144
13 6   5 7   36400 262144
13 6   7 6   -8464 262144
13 6   9 5   -16464 262144
13 6  11 4   40432 262144
13 6  13 3   -1372 262144
13 6  15 2   -35700 262144
13 6  17 1   69972 262144
13 6  19 0   -27132 262144
14 5  -1 9   -10296 262144
14 5  -3 8   37544 262144
14 5  -5 7   -5616 262144
14 5  -7 6   -16464 262144
14 5  -9 5   41616 262144
14 5 -11 4   -5808 262144
14 5 -13 3   -18252 262144
14 5 -15 2   65348 262144
14 5 -17 1   -49572 262144
14 5 -19 0   11628 262144
15 4   1 9   -30888 262144
15 4   3 8   312 262144
15 4   5 7   25168 262144
15 4   7 6   -40432 262144
15 4   9 5   5808 262144
15 4  11 4   13456 262144
15 4  13 3   -58564 262144
15 4  15 2   58956 262144
15 4  17 1   -24684 262144
15 4  19 0   3876 262144
16 3  -1 9   -7722 262144
16 3  -3 8   41262 262144
16 3  -5 7   -32500 262144
16 3  -7 6   1372 262144
16 3  -9 5   18252 262144
16 3 -11 4   -58564 262144
16 3 -13 3   61009 262144
16 3 -15 2   -31875 262144
16 3 -17 1   8619 262144
16 3 -19 0   -969 262144
17 2   1 9   -43758 262144
17 2   3 8   11050 262144
17 2   5 7   2652 262144
17 2   7 6   -35700 262144
17 2   9 5   65348 262144
17 2  11 4   -58956 262144
17 2  13 3   31875 262144
17 2  15 2   -10609 262144
17 2  17 1   2025 262144
17 2  19 0   -171 262144
18 1  -1 9   -4862 262144
18 1  -3 8   35802 262144
18 1  -5 7   -66300 262144
18 1  -7 6   69972 262144
18 1  -9 5   -49572 262144
18 1 -11 4   24684 262144
18 1 -13 3   -8619 262144
18 1 -15 2   2025 262144
18 1 -17 1   -289 262144
18 1 -19 0   19 262144
19 0   1 9   -92378 262144
19 0   3 8   75582 262144
19 0   5 7   -50388 262144
19 0   7 6   27132 262144
19 0   9 5   -11628 262144
19 0  11 4   3876 262144
19 0  13 3   -969 262144
19 0  15 2   171 262144
19 0  17 1   -19 262144
19 0  19 0   1 262144

0 20   0 10   92378 524288
0 20   2 9   167960 524288
0 20   4 8   125970 524288
0 20   6 7   77520 524288
0 20   8 6   38760 524288
0 20  10 5   15504 524288
0 20  12 4   4845 524288
0 20  14 3   1140 524288
0 20  16 2   190 524288
0 20  18 1   20 524288
0 20  20 0   1 524288
1 19  -2 9   -33592 524288
1 19  -4 8   -100776 524288
1 19  -6 7   -139536 524288
1 19  -8 6   -124032 524288
1 19 -10 5   -77520 524288
1 19 -12 4   -34884 524288
1 19 -14 3   -11172 524288
1 19 -16 2   -2432 524288
1 19 -18 1   -324 524288
1 19 -20 0   -20 524288
2 18   0 10   48620 524288
2 18   2 9   56576 524288
2 18   4 8   2652 524288
2 18   6 7   -26112 524288
2 18   8 6   -98736 524288
2 18  10 5   -130560 524288
2 18  12 4   -98022 524288
2 18  14 3   -46464 524288
2 18  16 2   -13924 524288
2 18  18 1   -2432 524288
2 18  20 0   -190 524288
3 17  -2 9   -47736 524288
3 17  -4 8   -86632 524288
3 17  -6 7   -32912 524288
3 17  -8 6   2176 524288
3 17 -10 5   66640 524288
3 17 -12 4   125732 524288
3 17 -14 3   103684 524288
3 17 -16 2   46464 524288
3 17 -18 1   11172 524288
3 17 -20 0   1140 524288
4 16   0 10   38610 524288
4 16   2 9   25272 524288
4 16   4 8   -9386 524288
4 16   6 7   -76176 524288
4 16   8 6   -55112 524288
4 16  10 5   -80 524288
4 16  12 4   56169 524288
4 16  14 3   125732 524288
4 16  16 2   98022 524288
4 16  18 1   34884 524288
4 16  20 0   4845 524288
5 15  -2 9   -56160 524288
5 15  -4 8   -52000 524288
5 15  -6 7   320 524288
5 15  -8 6   64000 524288
5 15 -10 5   61504 524288
5 15 -12 4   80 524288
5 15 -14 3   -66640 524288
5 15 -16 2   -130560 524288
5 15 -18 1   -77520 524288
5 15 -20 0   -15504 524288
6 14   0 10   34320 524288
6 14   2 9   9984 524288
6 14   4 8   -35152 524288
6 14   6 7   -61952 524288
6 14   8 6   -64 524288
6 14  10 5   64000 524288
6 14  12 4   55112 524288
6 14  14 3   -2176 524288
6 14  16 2   -98736 524288
6 14  18 1   -124032 524288
6 14  20 0   -38760 524288
7 13  -2 9   -61152 524288
7 13  -4 8   -20384 524288
7 13  -6 7   28224 524288
7 13  -8 6   61952 524288
7 13 -10 5   -320 524288
7 13 -12 4   -76176 524288
7 13 -14 3   -32912 524288
7 13 -16 2   26112 524288
7 13 -18 1   139536 524288
7 13 -20 0   77520 524288
8 12   0 10   32340 524288
8 12   2 9   2352 524288
8 12   4 8   -56644 524288
8 12   6 7   -20384 524288
8 12   8 6   35152 524288
8 12  10 5   52000 524288
8 12  12 4   -9386 524288
8 12  14 3   -86632 524288
8 12  16 2   -2652 524288
8 12  18 1   100776 524288
8 12  20 0   125970 524288
9 11  -2 9   -63504 524288
9 11  -4 8   -2352 524288
9 11  -6 7   61152 524288
9 11  -8 6   9984 524288
9 11 -10 5   -56160 524288
9 11 -12 4   -25272 524288
9 11 -14 3   47736 524288
9 11 -16 2   56576 524288
9 11 -18 1   -33592 524288
9 11 -20 0   -167960 524288
10 10   0 10   31752 524288
10 10   4 8   -64680 524288
10 10   8 6   68640 524288
10 10  12 4   -77220 524288
10 10  16 2   97240 524288
10 10  20 0   -184756 524288
11 9  -2 9   -63504 524288
11 9  -4 8   2352 524288
11 9  -6 7   61152 524288
11 9  -8 6   -9984 524288
11 9 -10 5   -56160 524288
11 9 -12 4   25272 524288
11 9 -14 3   47736 524288
11 9 -16 2   -56576 524288
11 9 -18 1   -33592 524288
11 9 -20 0   167960 524288
12 8   0 10   32340 524288
12 8   2 9   -2352 524288
12 8   4 8   -56644 524288
12 8   6 7   20384 524288
12 8   8 6   35152 524288
12 8  10 5   -52000 524288
12 8  12 4   -9386 524288
12 8  14 3   86632 524288
12 8  16 2   -2652 524288
12 8  18 1   -100776 524288
12 8  20 0   125970 524288
13 7  -2 9   -61152 524288
13 7  -4 8   20384 524288
13 7  -6 7   28224 524288
13 7  -8 6   -61952 524288
13 7 -10 5   -320 524288
13 7 -12 4   76176 524288
13 7 -14 3   -32912 524288
13 7 -16 2   -26112 524288
13 7 -18 1   139536 524288
13 7 -20 0   -77520 524288
14 6   0 10   34320 524288
14 6   2 9   -9984 524288
14 6   4 8   -35152 524288
14 6   6 7   61952 524288
14 6   8 6   -64 524288
14 6  10 5   -64000 524288
14 6  12 4   55112 524288
14 6  14 3   2176 524288
14 6  16 2   -98736 524288
14 6  18 1   124032 524288
14 6  20 0   -38760 524288
15 5  -2 9   -56160 524288
15 5  -4 8   52000 524288
15 5  -6 7   320 524288
15 5  -8 6   -64000 524288
15 5 -10 5   61504 524288
15 5 -12 4   -80 524288
15 5 -14 3   -66640 524288
15 5 -16 2   130560 524288
15 5 -18 1   -77520 524288
15 5 -20 0   15504 524288
16 4   0 10   38610 524288
16 4   2 9   -25272 524288
16 4   4 8   -9386 524288
16 4   6 7   76176 524288
16 4   8 6   -55112 524288
16 4  10 5   80 524288
16 4  12 4   56169 524288
16 4  14 3   -125732 524288
16 4  16 2   98022 524288
16 4  18 1   -34884 524288
16 4  20 0   4845 524288
17 3  -2 9   -47736 524288
17 3  -4 8   86632 524288
17 3  -6 7   -32912 524288
17 3  -8 6   -2176 524288
17 3 -10 5   66640 524288
17 3 -12 4   -125732 524288
17 3 -14 3   103684 524288
17 3 -16 2   -46464 524288
17 3 -18 1   11172 524288
17 3 -20 0   -1140 524288
18 2   0 10   48620 524288
18 2   2 9   -56576 524288
18 2   4 8   2652 524288
18 2   6 7   26112 524288
18 2   8 6   -98736 524288
18 2  10 5   130560 524288
18 2  12 4   -98022 524288
18 2  14 3   46464 524288
18 2  16 2   -13924 524288
18 2  18 1   2432 524288
18 2  20 0   -190 524288
19 1  -2 9   -33592 524288
19 1  -4 8   100776 524288
19 1  -6 7   -139536 524288
19 1  -8 6   124032 524288
19 1 -10 5   -77520 524288
19 1 -12 4   34884 524288
19 1 -14 3   -11172 524288
19 1 -16 2   2432 524288
19 1 -18 1   -324 524288
19 1 -20 0   20 524288
20 0   0 10   92378 524288
20 0   2 9   -167960 524288
20 0   4 8   125970 524288
20 0   6 7   -77520 524288
20 0   8 6   38760 524288
20 0  10 5   -15504 524288
20 0  12 4   4845 524288
20 0  14 3   -1140 524288
20 0  16 2   190 524288
20 0  18 1   -20 524288
20 0  20 0   1 524288

0 21  -1 10   352716 1048576
0 21  -3 9   293930 1048576
0 21  -5 8   203490 1048576
0 21  -7 7   116280 1048576
0 21  -9 6   54264 1048576
0 21 -11 5   20349 1048576
0 21 -13 4   5985 1048576
0 21 -15 3   1330 1048576
0 21 -17 2   210 1048576
0 21 -19 1   21 1048576
0 21 -21 0   1 1048576
1 20   1 10   16796 1048576
1 20   3 9   125970 1048576
1 20   5 8   242250 1048576
1 20   7 7   271320 1048576
1 20   9 6   209304 1048576
1 20  11 5   117249 1048576
1 20  13 4   48165 1048576
1 20  15 3   14250 1048576
1 20  17 2   2890 1048576
1 20  19 1   361 1048576
1 20  21 0   21 1048576
2 19  -1 10   167960 1048576
2 19  -3 9   50388 1048576
2 19  -5 8   -3876 1048576
2 19  -7 7   -108528 1048576
2 19  -9 6   -232560 1048576
2 19 -11 5   -242250 1048576
2 19 -13 4   -156066 1048576
2 19 -15 3   -65892 1048576
2 19 -17 2   -17956 1048576
2 19 -19 1   -2890 1048576
2 19 -21 0   -210 1048576
3 18   1 10   26520 1048576
3 18   3 9   149396 1048576
3 18   5 8   137700 1048576
3 18   7 7   17136 1048576
3 18   9 6   -36720 1048576
3 18  11 5   -185130 1048576
3 18  13 4   -246402 1048576
3 18  15 3   -168100 1048576
3 18  17 2   -65892 1048576
3 18  19 1   -14250 1048576
3 18  21 0   -1330 1048576
4 17  -1 10   119340 1048576
4 17  -3 9   3978 1048576
4 17  -5 8   -75106 1048576
4 17  -7 7   -160888 1048576
4 17  -9 6   -51000 1048576
4 17 -11 5   14365 1048576
4 17 -13 4   167281 1048576
4 17 -15 3   246402 1048576
4 17 -17 2   156066 1048576
4 17 -19 1   48165 1048576
4 17 -21 0   5985 1048576
5 16   1 10   35100 1048576
5 16   3 9   141570 1048576
5 16   5 8   37210 1048576
5 16   7 7   -33880 1048576
5 16   9 6   -157464 1048576
5 16  11 5   -64009 1048576
5 16  13 4   14365 1048576
5 16  15 3   185130 1048576
5 16  17 2   242250 1048576
5 16  19 1   117249 1048576
5 16  21 0   20349 1048576
6 15  -1 10   93600 1048576
6 15  -3 9   -3120 1048576
6 15  -5 8   -126960 1048576
6 15  -7 7   -60480 1048576
6 15  -9 6   23104 1048576
6 15 -11 5   157464 1048576
6 15 -13 4   51000 1048576
6 15 -15 3   -36720 1048576
6 15 -17 2   -232560 1048576
6 15 -19 1   -209304 1048576
6 15 -21 0   -54264 1048576
7 14   1 10   43680 1048576
7 14   3 9   117936 1048576
7 14   5 8   112 1048576
7 14   7 7   -118336 1048576
7 14   9 6   -60480 1048576
7 14  11 5   33880 1048576
7 14  13 4   160888 1048576
7 14  15 3   17136 1048576
7 14  17 2   -108528 1048576
7 14  19 1   -271320 1048576
7 14  21 0   -116280 1048576
8 13  -1 10   76440 1048576
8 13  -3 9   -22932 1048576
8 13  -5 8   -122500 1048576
8 13  -7 7   -112 1048576
8 13  -9 6   126960 1048576
8 13 -11 5   37210 1048576
8 13 -13 4   -75106 1048576
8 13 -15 3   -137700 1048576
8 13 -17 2   3876 1048576
8 13 -19 1   242250 1048576
8 13 -21 0   203490 1048576
9 12   1 10   52920 1048576
9 12   3 9   86436 1048576
9 12   5 8   -22932 1048576
9 12   7 7   -117936 1048576
9 12   9 6   3120 1048576
9 12  11 5   141570 1048576
9 12  13 4   3978 1048576
9 12  15 3   -149396 1048576
9 12  17 2   -50388 1048576
9 12  19 1   125970 1048576
9 12  21 0   293930 1048576
10 11  -1 10   63504 1048576
10 11  -3 9   -52920 1048576
10 11  -5 8   -76440 1048576
10 11  -7 7   43680 1048576
10 11  -9 6   93600 1048576
10 11 -11 5   -35100 1048576
10 11 -13 4   -119340 1048576
10 11 -15 3   26520 1048576
10 11 -17 2   167960 1048576
10 11 -19 1   -16796 1048576
10 11 -21 0   -352716 1048576
11 10   1 10   63504 1048576
11 10   3 9   52920 1048576
11 10   5 8   -76440 1048576
11 10   7 7   -43680 1048576
11 10   9 6   93600 1048576
11 10  11 5   35100 1048576
11 10  13 4   -119340 1048576
11 10  15 3   -26520 1048576
11 10  17 2   167960 1048576
11 10  19 1   16796 1048576
11 10  21 0   -352716 1048576
12 9  -1 10   52920 1048576
12 9  -3 9   -86436 1048576
12 9  -5 8   -22932 1048576
12 9  -7 7   117936 1048576
12 9  -9 6   3120 1048576
12 9 -11 5   -141570 1048576
12 9 -13 4   3978 1048576
12 9 -15 3   149396 1048576
12 9 -17 2   -50388 1048576
12 9 -19 1   -125970 1048576
12 9 -21 0   293930 1048576
13 8   1 10   76440 1048576
13 8   3 9   22932 1048576
13 8   5 8   -122500 1048576
13 8   7 7   112 1048576
13 8   9 6   126960 1048576
13 8  11 5   -37210 1048576
13 8  13 4   -75106 1048576
13 8  15 3   137700 1048576
13 8  17 2   3876 1048576
13 8  19 1   -242250 1048576
13 8  21 0   203490 1048576
14 7  -1 10   43680 1048576
14 7  -3 9   -117936 1048576
14 7  -5 8   112 1048576
14 7  -7 7   118336 1048576
14 7  -9 6   -60480 1048576
14 7 -11 5   -33880 1048576
14 7 -13 4   160888 1048576
14 7 -15 3   -17136 1048576
14 7 -17 2   -108528 1048576
14 7 -19 1   271320 1048576
14 7 -21 0   -116280 1048576
15 6   1 10   93600 1048576
15 6   3 9   3120 1048576
15 6   5 8   -126960 1048576
15 6   7 7   60480 1048576
15 6   9 6   23104 1048576
15 6  11 5   -157464 1048576
15 6  13 4   51000 1048576
15 6  15 3   36720 1048576
15 6  17 2   -232560 1048576
15 6  19 1   209304 1048576
15 6  21 0   -54264 1048576
16 5  -1 10   35100 1048576
16 5  -3 9   -141570 1048576
16 5  -5 8   37210 1048576
16 5  -7 7   33880 1048576
16 5  -9 6   -157464 1048576
16 5 -11 5   64009 1048576
16 5 -13 4   14365 1048576
16 5 -15 3   -185130 1048576
16 5 -17 2   242250 1048576
16 5 -19 1   -117249 1048576
16 5 -21 0   20349 1048576
17 4   1 10   119340 1048576
17 4   3 9   -3978 1048576
17 4   5 8   -75106 1048576
17 4   7 7   160888 1048576
17 4   9 6   -51000 1048576
17 4  11 5   -14365 1048576
17 4  13 4   167281 1048576
17 4  15 3   -246402 1048576
17 4  17 2   156066 1048576
17 4  19 1   -48165 1048576
17 4  21 0   5985 1048576
18 3  -1 10   26520 1048576
18 3  -3 9   -149396 1048576
18 3  -5 8   137700 1048576
18 3  -7 7   -17136 1048576
18 3  -9 6   -36720 1048576
18 3 -11 5   185130 1048576
18 3 -13 4   -246402 1048576
18 3 -15 3   168100 1048576
18 3 -17 2   -65892 1048576
18 3 -19 1   14250 1048576
18 3 -21 0   -1330 1048576
19 2   1 10   167960 1048576
19 2   3 9   -50388 1048576
19 2   5 8   -3876 1048576
19 2   7 7   108528 1048576
19 2   9 6   -232560 1048576
19 2  11 5   242250 1048576
19 2  13 4   -156066 1048576
19 2  15 3   65892 1048576
19 2  17 2   -17956 1048576
19 2  19 1   2890 1048576
19 2  21 0   -210 1048576
20 1  -1 10   16796 1048576
20 1  -3 9   -125970 1048576
20 1  -5 8   242250 1048576
20 1  -7 7   -271320 1048576
20 1  -9 6   209304 1048576
20 1 -11 5   -117249 1048576
20 1 -13 4   48165 1048576
20 1 -15 3   -14250 1048576
20 1 -17 2   2890 1048576
20 1 -19 1   -361 1048576
20 1 -21 0   21 1048576
21 0   1 10   352716 1048576
21 0   3 9   -293930 1048576
21 0   5 8   203490 1048576
21 0   7 7   -116280 1048576
21 0   9 6   54264 1048576
21 0  11 5   -20349 1048576
21 0  13 4   5985 1048576
21 0  15 3   -1330 1048576
21 0  17 2   210 1048576
21 0  19 1   -21 1048576
21 0  21 0   1 1048576

0 22   0 11   -352716 2097152
0 22   2 10   -646646 2097152
0 22   4 9   -497420 2097152
0 22   6 8   -319770 2097152
0 22   8 7   -170544 2097152
0 22  10 6   -74613 2097152
0 22  12 5   -26334 2097152
0 22  14 4   -7315 2097152
0 22  16 3   -1540 2097152
0 22  18 2   -231 2097152
0 22  20 1   -22 2097152
0 22  22 0   -1 2097152
1 21  -2 10   117572 2097152
1 21  -4 9   361760 2097152
1 21  -6 8   523260 2097152
1 21  -8 7   496128 2097152
1 21 -10 6   339150 2097152
1 21 -12 5   172368 2097152
1 21 -14 4   65170 2097152
1 21 -16 3   17920 2097152
1 21 -18 2   3402 2097152
1 21 -20 1   400 2097152
1 21 -22 0   22 2097152
2 20   0 11   -184756 2097152
2 20   2 10   -226746 2097152
2 20   4 9   -19380 2097152
2 20   6 8   67830 2097152
2 20   8 7   325584 2097152
2 20  10 6   491283 2097152
2 20  12 5   424194 2097152
2 20  14 4   239685 2097152
2 20  16 3   91260 2097152
2 20  18 2   22801 2097152
2 20  20 1   3402 2097152
2 20  22 0   231 2097152
3 19  -2 10   167960 2097152
3 19  -4 9   330752 2097152
3 19  -6 8   162792 2097152
3 19 -10 6   -174420 2097152
3 19 -12 5   -437760 2097152
3 19 -14 4   -450604 2097152
3 19 -16 3   -262144 2097152
3 19 -18 2   -91260 2097152
3 19 -20 1   -17920 2097152
3 19 -22 0   -1540 2097152
4 18   0 11   -145860 2097152
4 18   2 10   -108290 2097152
4 18   4 9   19652 2097152
4 18   6 8   259182 2097152
4 18   8 7   257040 2097152
4 18  10 6   20655 2097152
4 18  12 5   -110250 2097152
4 18  14 4   -413449 2097152
4 18  16 3   -450604 2097152
4 18  18 2   -239685 2097152
4 18  20 1   -65170 2097152
4 18  22 0   -7315 2097152
5 17  -2 10   198900 2097152
5 17  -4 9   220320 2097152
5 17  -6 8   2380 2097152
5 17  -8 7   -182784 2097152
5 17 -10 6   -286518 2097152
5 17 -12 5   -35344 2097152
5 17 -14 4   110250 2097152
5 17 -16 3   437760 2097152
5 17 -18 2   424194 2097152
5 17 -20 1   172368 2097152
5 17 -22 0   26334 2097152
6 16   0 11   -128700 2097152
6 16   2 10   -48750 2097152
6 16   4 9   100860 2097152
6 16   6 8   257250 2097152
6 16   8 7   18928 2097152
6 16  10 6   -156025 2097152
6 16  12 5   -286518 2097152
6 16  14 4   -20655 2097152
6 16  16 3   174420 2097152
6 16  18 2   491283 2097152
6 16  20 1   339150 2097152
6 16  22 0   74613 2097152
7 15  -2 10   218400 2097152
7 15  -4 9   107520 2097152
7 15  -6 8   -58080 2097152
7 15  -8 7   -262144 2097152
7 15 -10 6   -18928 2097152
7 15 -12 5   182784 2097152
7 15 -14 4   257040 2097152
7 15 -18 2   -325584 2097152
7 15 -20 1   -496128 2097152
7 15 -22 0   -170544 2097152
8 14   0 11   -120120 2097152
8 14   2 10   -16380 2097152
8 14   4 9   181944 2097152
8 14   6 8   128164 2097152
8 14   8 7   -58080 2097152
8 14  10 6   -257250 2097152
8 14  12 5   -2380 2097152
8 14  14 4   259182 2097152
8 14  16 3   162792 2097152
8 14  18 2   -67830 2097152
8 14  20 1   -523260 2097152
8 14  22 0   -319770 2097152
9 13  -2 10   229320 2097152
9 13  -4 9   28224 2097152
9 13  -6 8   -181944 2097152
9 13  -8 7   -107520 2097152
9 13 -10 6   100860 2097152
9 13 -12 5   220320 2097152
9 13 -14 4   -19652 2097152
9 13 -16 3   -330752 2097152
9 13 -18 2   -19380 2097152
9 13 -20 1   361760 2097152
9 13 -22 0   497420 2097152
10 12   0 11   -116424 2097152
10 12   2 10   -1764 2097152
10 12   4 9   229320 2097152
10 12   6 8   16380 2097152
10 12   8 7   -218400 2097152
10 12  10 6   -48750 2097152
10 12  12 5   198900 2097152
10 12  14 4   108290 2097152
10 12  16 3   -167960 2097152
10 12  18 2   -226746 2097152
10 12  20 1   117572 2097152
10 12  22 0   646646 2097152
11 11  -2 10   232848 2097152
11 11  -6 8   -240240 2097152
11 11 -10 6   257400 2097152
11 11 -14 4   -291720 2097152
11 11 -18 2   369512 2097152
11 11 -22 0   -705432 2097152
12 10   0 11   -116424 2097152
12 10   2 10   1764 2097152
12 10   4 9   229320 2097152
12 10   6 8   -16380 2097152
12 10   8 7   -218400 2097152
12 10  10 6   48750 2097152
12 10  12 5   198900 2097152
12 10  14 4   -108290 2097152
12 10  16 3   -167960 2097152
12 10  18 2   226746 2097152
12 10  20 1   117572 2097152
12 10  22 0   -646646 2097152
13 9  -2 10   229320 2097152
13 9  -4 9   -28224 2097152
13 9  -6 8   -181944 2097152
13 9  -8 7   107520 2097152
13 9 -10 6   100860 2097152
13 9 -12 5   -220320 2097152
13 9 -14 4   -19652 2097152
13 9 -16 3   330752 2097152
13 9 -18 2   -19380 2097152
13 9 -20 1   -361760 2097152
13 9 -22 0   497420 2097152
14 8   0 11   -120120 2097152
14 8   2 10   16380 2097152
14 8   4 9   181944 2097152
14 8   6 8   -128164 2097152
14 8   8 7   -58080 2097152
14 8  10 6   257250 2097152
14 8  12 5   -2380 2097152
14 8  14 4   -259182 2097152
14 8  16 3   162792 2097152
14 8  18 2   67830 2097152
14 8  20 1   -523260 2097152
14 8  22 0   319770 2097152
15 7  -2 10   218400 2097152
15 7  -4 9   -107520 2097152
15 7  -6 8   -58080 2097152
15 7  -8 7   262144 2097152
15 7 -10 6   -18928 2097152
15 7 -12 5   -182784 2097152
15 7 -14 4   257040 2097152
15 7 -18 2   -325584 2097152
15 7 -20 1   496128 2097152
15 7 -22 0   -170544 2097152
16 6   0 11   -128700 2097152
16 6   2 10   48750 2097152
16 6   4 9   100860 2097152
16 6   6 8   -257250 2097152
16 6   8 7   18928 2097152
16 6  10 6   156025 2097152
16 6  12 5   -286518 2097152
16 6  14 4   20655 2097152
16 6  16 3   174420 2097152
16 6  18 2   -491283 2097152
16 6  20 1   339150 2097152
16 6  22 0   -74613 2097152
17 5  -2 10   198900 2097152
17 5  -4 9   -220320 2097152
17 5  -6 8   2380 2097152
17 5  -8 7   182784 2097152
17 5 -10 6   -286518 2097152
17 5 -12 5   35344 2097152
17 5 -14 4   110250 2097152
17 5 -16 3   -437760 2097152
17 5 -18 2   424194 2097152
17 5 -20 1   -172368 2097152
17 5 -22 0   26334 2097152
18 4   0 11   -145860 2097152
18 4   2 10   108290 2097152
18 4   4 9   19652 2097152
18 4   6 8   -259182 2097152
18 4   8 7   257040 2097152
18 4  10 6   -20655 2097152
18 4  12 5   -110250 2097152
18 4  14 4   413449 2097152
18 4  16 3   -450604 2097152
18 4  18 2   239685 2097152
18 4  20 1   -65170 2097152
18 4  22 0   7315 2097152
19 3  -2 10   167960 2097152
19 3  -4 9   -330752 2097152
19 3  -6 8   162792 2097152
19 3 -10 6   -174420 2097152
19 3 -12 5   437760 2097152
19 3 -14 4   -450604 2097152
19 3 -16 3   262144 2097152
19 3 -18 2   -91260 2097152
19 3 -20 1   17920 2097152
19 3 -22 0   -1540 2097152
20 2   0 11   -184756 2097152
20 2   2 10   226746 2097152
20 2   4 9   -19380 2097152
20 2   6 8   -67830 2097152
20 2   8 7   325584 2097152
20 2  10 6   -491283 2097152
20 2  12 5   424194 2097152
20 2  14 4   -239685 2097152
20 2  16 3   91260 2097152
20 2  18 2   -22801 2097152
20 2  20 1   3402 2097152
20 2  22 0   -231 2097152
21 1  -2 10   117572 2097152
21 1  -4 9   -361760 2097152
21 1  -6 8   523260 2097152
21 1  -8 7   -496128 2097152
21 1 -10 6   339150 2097152
21 1 -12 5   -172368 2097152
21 1 -14 4   65170 2097152
21 1 -16 3   -17920 2097152
21 1 -18 2   3402 2097152
21 1 -20 1   -400 2097152
21 1 -22 0   22 2097152
22 0   0 11   -352716 2097152
22 0   2 10   646646 2097152
22 0   4 9   -497420 2097152
22 0   6 8   319770 2097152
22 0   8 7   -170544 2097152
22 0  10 6   74613 2097152
22 0  12 5   -26334 2097152
22 0  14 4   7315 2097152
22 0  16 3   -1540 2097152
22 0  18 2   231 2097152
22 0  20 1   -22 2097152
22 0  22 0   1 2097152

0 23  -1 11   -1352078 4194304
0 23  -3 10   -1144066 4194304
0 23  -5 9   -817190 4194304
0 23  -7 8   -490314 4194304
0 23  -9 7   -245157 4194304
0 23 -11 6   -100947 4194304
0 23 -13 5   -33649 4194304
0 23 -15 4   -8855 4194304
0 23 -17 3   -1771 4194304
0 23 -19 2   -253 4194304
0 23 -21 1   -23 4194304
0 23 -23 0   -1 4194304
1 22   1 11   -58786 4194304
1 22   3 10   -447678 4194304
1 22   5 9   -888250 4194304
1 22   7 8   -1044582 4194304
1 22   9 7   -863379 4194304
1 22  11 6   -531069 4194304
1 22  13 5   -247247 4194304
1 22  15 4   -86625 4194304
1 22  17 3   -22253 4194304
1 22  19 2   -3971 4194304
1 22  21 1   -441 4194304
1 22  23 0   -23 4194304
2 21  -1 11   -646646 4194304
2 21  -3 10   -221578 4194304
2 21  -5 9   3230 4194304
2 21  -7 8   327522 4194304
2 21  -9 7   814929 4194304
2 21 -11 6   957999 4194304
2 21 -13 5   708757 4194304
2 21 -15 4   357035 4194304
2 21 -17 3   123823 4194304
2 21 -19 2   28561 4194304
2 21 -21 1   3971 4194304
2 21 -23 0   253 4194304
3 20   1 11   -92378 4194304
3 20   3 10   -543286 4194304
3 20   5 9   -565250 4194304
3 20   7 8   -122094 4194304
3 20   9 7   61047 4194304
3 20  11 6   558657 4194304
3 20  13 5   927979 4194304
3 20  15 4   780125 4194304
3 20  17 3   395641 4194304
3 20  19 2   123823 4194304
3 20  21 1   22253 4194304
3 20  23 0   1771 4194304
4 19  -1 11   -461890 4194304
4 19  -3 10   -29070 4194304
4 19  -5 9   221578 4194304
4 19  -7 8   610470 4194304
4 19  -9 7   305235 4194304
4 19 -11 6   -2565 4194304
4 19 -13 5   -426455 4194304
4 19 -15 4   -904401 4194304
4 19 -17 3   -780125 4194304
4 19 -19 2   -357035 4194304
4 19 -21 1   -86625 4194304
4 19 -23 0   -8855 4194304
5 18   1 11   -121550 4194304
5 18   3 10   -531250 4194304
5 18   5 9   -201110 4194304
5 18   7 8   57834 4194304
5 18   9 7   542997 4194304
5 18  11 6   395307 4194304
5 18  13 5   169 4194304
5 18  15 4   -426455 4194304
5 18  17 3   -927979 4194304
5 18  19 2   -708757 4194304
5 18  21 1   -247247 4194304
5 18  23 0   -33649 4194304
6 17  -1 11   -364650 4194304
6 17  -3 10   2550 4194304
6 17  -5 9   431970 4194304
6 17  -7 8   325822 4194304
6 17  -9 7   -14399 4194304
6 17 -11 6   -508369 4194304
6 17 -13 5   -395307 4194304
6 17 -15 4   2565 4194304
6 17 -17 3   558657 4194304
6 17 -19 2   957999 4194304
6 17 -21 1   531069 4194304
6 17 -23 0   100947 4194304
7 16   1 11   -150150 4194304
7 16   3 10   -463050 4194304
7 16   5 9   -15870 4194304
7 16   7 8   354482 4194304
7 16   9 7   363609 4194304
7 16  11 6   -14399 4194304
7 16  13 5   -542997 4194304
7 16  15 4   -305235 4194304
7 16  17 3   61047 4194304
7 16  19 2   814929 4194304
7 16  21 1   863379 4194304
7 16  23 0   245157 4194304
8 15  -1 11   -300300 4194304
8 15  -3 10   52500 4194304
8 15  -5 9   475260 4194304
8 15  -7 8   33124 4194304
8 15  -9 7   -354482 4194304
8 15 -11 6   -325822 4194304
8 15 -13 5   57834 4194304
8 15 -15 4   610470 4194304
8 15 -17 3   122094 4194304
8 15 -19 2   -327522 4194304
8 15 -21 1   -1044582 4194304
8 15 -23 0   -490314 4194304
9 14   1 11   -180180 4194304
9 14   3 10   -364140 4194304
9 14   5 9   30276 4194304
9 14   7 8   475260 4194304
9 14   9 7   15870 4194304
9 14  11 6   -431970 4194304
9 14  13 5   -201110 4194304
9 14  15 4   221578 4194304
9 14  17 3   565250 4194304
9 14  19 2   -3230 4194304
9 14  21 1   -888250 4194304
9 14  23 0   -817190 4194304
10 13  -1 11   -252252 4194304
10 13  -3 10   142884 4194304
10 13  -5 9   364140 4194304
10 13  -7 8   -52500 4194304
10 13  -9 7   -463050 4194304
10 13 -11 6   2550 4194304
10 13 -13 5   531250 4194304
10 13 -15 4   29070 4194304
10 13 -17 3   -543286 4194304
10 13 -19 2   -221578 4194304
10 13 -21 1   447678 4194304
10 13 -23 0   1144066 4194304
11 12   1 11   -213444 4194304
11 12   3 10   -252252 4194304
11 12   5 9   180180 4194304
11 12   7 8   300300 4194304
11 12   9 7   -150150 4194304
11 12  11 6   -364650 4194304
11 12  13 5   121550 4194304
11 12  15 4   461890 4194304
11 12  17 3   -92378 4194304
11 12  19 2   -646646 4194304
11 12  21 1   58786 4194304
11 12  23 0   1352078 4194304
12 11  -1 11   -213444 4194304
12 11  -3 10   252252 4194304
12 11  -5 9   180180 4194304
12 11  -7 8   -300300 4194304
12 11  -9 7   -150150 4194304
12 11 -11 6   364650 4194304
12 11 -13 5   121550 4194304
12 11 -15 4   -461890 4194304
12 11 -17 3   -92378 4194304
12 11 -19 2   646646 4194304
12 11 -21 1   58786 4194304
12 11 -23 0   -1352078 4194304
13 10   1 11   -252252 4194304
13 10   3 10   -142884 4194304
13 10   5 9   364140 4194304
13 10   7 8   52500 4194304
13 10   9 7   -463050 4194304
13 10  11 6   -2550 4194304
13 10  13 5   531250 4194304
13 10  15 4   -29070 4194304
13 10  17 3   -543286 4194304
13 10  19 2   221578 4194304
13 10  21 1   447678 4194304
13 10  23 0   -1144066 4194304
14 9  -1 11   -180180 4194304
14 9  -3 10   364140 4194304
14 9  -5 9   30276 4194304
14 9  -7 8   -475260 4194304
14 9  -9 7   15870 4194304
14 9 -11 6   431970 4194304
14 9 -13 5   -201110 4194304
14 9 -15 4   -221578 4194304
14 9 -17 3   565250 4194304
14 9 -19 2   3230 4194304
14 9 -21 1   -888250 4194304
14 9 -23 0   817190 4194304
15 8   1 11   -300300 4194304
15 8   3 10   -52500 4194304
15 8   5 9   475260 4194304
15 8   7 8   -33124 4194304
15 8   9 7   -354482 4194304
15 8  11 6   325822 4194304
15 8  13 5   57834 4194304
15 8  15 4   -610470 4194304
15 8  17 3   122094 4194304
15 8  19 2   327522 4194304
15 8  21 1   -1044582 4194304
15 8  23 0   490314 4194304
16 7  -1 11   -150150 4194304
16 7  -3 10   463050 4194304
16 7  -5 9   -15870 4194304
16 7  -7 8   -354482 4194304
16 7  -9 7   363609 4194304
16 7 -11 6   14399 4194304
16 7 -13 5   -542997 4194304
16 7 -15 4   305235 4194304
16 7 -17 3   61047 4194304
16 7 -19 2   -814929 4194304
16 7 -21 1   863379 4194304
16 7 -23 0   -245157 4194304
17 6   1 11   -364650 4194304
17 6   3 10   -2550 4194304
17 6   5 9   431970 4194304
17 6   7 8   -325822 4194304
17 6   9 7   -14399 4194304
17 6  11 6   508369 4194304
17 6  13 5   -395307 4194304
17 6  15 4   -2565 4194304
17 6  17 3   558657 4194304
17 6  19 2   -957999 4194304
17 6  21 1   531069 4194304
17 6  23 0   -100947 4194304
18 5  -1 11   -121550 4194304
18 5  -3 10   531250 4194304
18 5  -5 9   -201110 4194304
18 5  -7 8   -57834 4194304
18 5  -9 7   542997 4194304
18 5 -11 6   -395307 4194304
18 5 -13 5   169 4194304
18 5 -15 4   426455 4194304
18 5 -17 3   -927979 4194304
18 5 -19 2   708757 4194304
18 5 -21 1   -247247 4194304
18 5 -23 0   33649 4194304
19 4   1 11   -461890 4194304
19 4   3 10   29070 4194304
19 4   5 9   221578 4194304
19 4   7 8   -610470 4194304
19 4   9 7   305235 4194304
19 4  11 6   2565 4194304
19 4  13 5   -426455 4194304
19 4  15 4   904401 4194304
19 4  17 3   -780125 4194304
19 4  19 2   357035 4194304
19 4  21 1   -86625 4194304
19 4  23 0   8855 4194304
20 3  -1 11   -92378 4194304
20 3  -3 10   543286 4194304
20 3  -5 9   -565250 4194304
20 3  -7 8   122094 4194304
20 3  -9 7   61047 4194304
20 3 -11 6   -558657 4194304
20 3 -13 5   927979 4194304
20 3 -15 4   -780125 4194304
20 3 -17 3   395641 4194304
20 3 -19 2   -123823 4194304
20 3 -21 1   22253 4194304
20 3 -23 0   -1771 4194304
21 2   1 11   -646646 4194304
21 2   3 10   221578 4194304
21 2   5 9   3230 4194304
21 2   7 8   -327522 4194304
21 2   9 7   814929 4194304
21 2  11 6   -957999 4194304
21 2  13 5   708757 4194304
21 2  15 4   -357035 4194304
21 2  17 3   123823 4194304
21 2  19 2   -28561 4194304
21 2  21 1   3971 4194304
21 2  23 0   -253 4194304
22 1  -1 11   -58786 4194304
22 1  -3 10   447678 4194304
22 1  -5 9   -888250 4194304
22 1  -7 8   1044582 4194304
22 1  -9 7   -863379 4194304
22 1 -11 6   531069 4194304
22 1 -13 5   -247247 4194304
22 1 -15 4   86625 4194304
22 1 -17 3   -22253 4194304
22 1 -19 2   3971 4194304
22 1 -21 1   -441 4194304
22 1 -23 0   23 4194304
23 0   1 11   -1352078 4194304
23 0   3 10   1144066 4194304
23 0   5 9   -817190 4194304
23 0   7 8   490314 4194304
23 0   9 7   -245157 4194304
23 0  11 6   100947 4194304
23 0  13 5   -33649 4194304
23 0  15 4   8855 4194304
23 0  17 3   -1771 4194304
23 0  19 2   253 4194304
23 0  21 1   -23 4194304
23 0  23 0   1 4194304
